99
6 2 0 2 0 2 0
3 1 0 2 0 0 0
239 97 0 60 0 82 0
120 46 0 42 0 32 0
705 102 0 289 0 314 0
330 108 0 84 0 138 0
868 285 0 410 0 173 0
343 65 0 160 0 118 0
112 42 0 15 0 55 0
883 115 0 5 0 763 0
6 3 0 2 0 1 0
922 225 0 459 0 238 0
5 3 0 2 0 0 0
804 113 0 402 0 289 0
93 43 0 11 0 39 0
462 168 0 191 0 103 0
505 227 0 227 0 51 0
98 39 0 18 0 41 0
221 95 0 84 0 42 0
289 85 0 85 0 119 0
897 264 0 366 0 267 0
826 297 0 155 0 374 0
81 20 0 31 0 30 0
854 262 0 173 0 419 0
4 1 0 2 0 1 0
276 48 0 137 0 91 0
491 418 0 58 0 15 0
6 0 0 3 0 3 0
1000 499 0 0 0 501 0
808 220 0 267 0 321 0
664 94 0 401 0 169 0
3 1 0 1 0 1 0
15 7 0 7 0 1 0
462 114 0 121 0 227 0
653 165 0 188 0 300 0
67 30 0 18 0 19 0
999 250 0 499 0 250 0
508 212 0 134 0 162 0
821 367 0 67 0 387 0
815 266 0 333 0 216 0
1000 250 0 500 0 250 0
860 172 0 301 0 387 0
243 30 0 121 0 92 0
888 303 0 327 0 258 0
427 59 0 202 0 166 0
4 2 0 1 0 1 0
741 298 0 298 0 145 0
93 27 0 24 0 42 0
37 14 0 13 0 10 0
966 415 0 410 0 141 0
836 137 0 367 0 332 0
50 20 0 7 0 23 0
999 333 0 333 0 333 0
949 182 0 730 0 37 0
999 499 0 1 0 499 0
151 60 0 18 0 73 0
482 69 0 350 0 63 0
999 499 0 0 0 500 0
415 184 0 45 0 186 0
329 21 0 304 0 4 0
772 60 0 383 0 329 0
736 74 0 294 0 368 0
284 112 0 124 0 48 0
407 225 0 151 0 31 0
5 1 0 3 0 1 0
431 156 0 189 0 86 0
7 2 0 3 0 2 0
4 1 0 1 0 2 0
999 500 0 250 0 249 0
416 152 0 117 0 147 0
1000 333 0 333 0 334 0
412 169 0 78 0 165 0
629 154 0 108 0 367 0
4 2 0 0 0 2 0
4 3 0 1 0 0 0
653 219 0 221 0 213 0
5 2 0 2 0 1 0
59 26 0 23 0 10 0
971 383 0 285 0 303 0
1000 499 0 500 0 1 0
577 184 0 222 0 171 0
858 283 0 358 0 217 0
374 34 0 178 0 162 0
3 0 0 2 0 1 0
607 209 0 231 0 167 0
1000 500 0 500 0 0 0
118 48 0 55 0 15 0
183 49 0 127 0 7 0
726 205 0 255 0 266 0
199 79 0 87 0 33 0
383 133 0 71 0 179 0
917 373 0 187 0 357 0
722 182 0 180 0 360 0
396 325 0 67 0 4 0
566 263 0 179 0 124 0
483 219 0 98 0 166 0
661 316 0 204 0 141 0
3 0 0 0 0 3 0
801 104 0 365 0 332 0
