100
100 1
100 2
100 3
100 4
100 5
100 6
100 7
100 8
100 9
100 10
100 11
100 12
100 13
100 14
100 15
100 16
100 17
100 18
100 19
100 20
100 21
100 22
100 23
100 24
100 25
100 26
100 27
100 28
100 29
100 30
100 31
100 32
100 33
100 34
100 35
100 36
100 37
100 38
100 39
100 40
100 41
100 42
100 43
100 44
100 45
100 46
100 47
100 48
100 49
100 50
100 51
100 52
100 53
100 54
100 55
100 56
100 57
100 58
100 59
100 60
100 61
100 62
100 63
100 64
100 65
100 66
100 67
100 68
100 69
100 70
100 71
100 72
100 73
100 74
100 75
100 76
100 77
100 78
100 79
100 80
100 81
100 82
100 83
100 84
100 85
100 86
100 87
100 88
100 89
100 90
100 91
100 92
100 93
100 94
100 95
100 96
100 97
100 98
100 99
100 100

4 2
5 2
6 2
1000 1000
1000 1
1000 2
924 852
839 826
673 559
500 194
691 601
999 498
545 475
664 644
386 295
500 250
915 705
945 767
500 249
631 509
1000 489
879 750
999 256
2 1
1000 127
999 511
999 255
510 446
276 239
4 1
500 244
295 225
678 651
500 102
1000 500
500 255
1000 512
999 487
310 271
784 656
999 1
999 2
999 128
755 747
1000 488
999 512
981 961
500 2
873 810
478 409
428 418
552 456
1000 999
1000 497
500 127
500 248
977 867
439 425
500 500
1000 255
270 216
500 117
999 998
791 765
1 1
523 447
374 363
999 507
2 2
900 820
999 488
3 1
1000 128
5 1
1000 385
500 128
508 381
999 497
836 715
756 650
500 256
1000 498
1000 256
500 1
999 485
999 999
3 2
999 499
1000 511
500 116
662 653
936 882
753 698
936 755
1000 499
399 383
500 245
500 499
445 358
999 127
