Case #1: 3 4 6 
Case #2: 6 8 
Case #3: 15 20 23 25 28 30 31 
Case #4: 5 6 7 8 9 10 11 12 13 14 
Case #5: 1 2 3 
Case #6: 4 8 12 
Case #7: 7 10 12 14 16 17 19 
Case #8: 2 5 
Case #9: 22 222 
Case #10: 8 12 15 17 19 20 22 
Case #11: 3 4 5 6 
Case #12: 17 22 27 45 29 34 55 41 39 50 
Case #13: 15 19 40 21 27 34 24 26 31 37 
Case #14: 2 4 
Case #15: 7 8 11 12 
Case #16: 1 2 3 4 9 12 13 11 16 19 
Case #17: 1 2 3 4 5 6 7 
Case #18: 1 2 3 4 5 6 7 
Case #19: 3 4 5 
Case #20: 2 6 
Case #21: 26 27 32 41 51 38 33 
Case #22: 4 8 
Case #23: 5 8 10 
Case #24: 10 14 13 17 19 20 
Case #25: 15 16 19 25 28 31 33 38 
Case #26: 54 59 98 123 
Case #27: 6 9 10 13 15 
Case #28: 6 14 21 27 32 36 57 37 38 39 
Case #29: 2 3 4 
Case #30: 11 15 17 20 22 
Case #31: 16 20 21 28 34 35 40 
Case #32: 2 5 4 
Case #33: 68 101 125 165 191 220 126 
Case #34: 13 30 23 29 44 56 37 42 49 53 
Case #35: 5 6 11 12 
Case #36: 22 24 27 29 31 32 34 
Case #37: 144 156 179 200 223 237 291 314 131 267 
Case #38: 2 6 10 14 
Case #39: 6 11 9 12 10 
Case #40: 4 7 10 12 
Case #41: 8 14 10 12 16 23 17 19 22 26 
Case #42: 5 9 11 17 19 13 15 
Case #43: 2 5 6 7 10 
Case #44: 2 4 7 8 
Case #45: 2 22 
Case #46: 2 4 10 5 
Case #47: 2 4 5 7 8 11 13 
Case #48: 8 18 28 38 48 58 68 78 88 98 
Case #49: 23 34 42 48 50 64 47 57 55 
Case #50: 7 10 12 16
